69 89 243 4 46 17 5 7 4 186.01075237738274 126.62756660915302 0.11287802661330604 1.5051559621365889 1.191530040887921e-07
53 77 92 6 29 11 9 3 3 185.04323819042943 134.3893693877168 0.08870224185100328 1.7067362306008982 1.5424021730320635e-07
51 67 72 3 27 10 8 1 3 189.02380802428036 126.79736938120607 0.010242768826513204 1.6077912199233817 5.972062475919253e-08
34 31 59 7 20 11 7 4 3 190.01052602421794 121.46843082488338 0.12294810640485232 1.7409820951547472 6.326467525927472e-08
52 67 120 7 19 4 13 8 6 182.02472359545007 128.69732959908055 0.0854347992235438 1.532599189526351 7.357685500112879e-08
68 65 167 3 23 9 7 2 12 202.00990074746338 120.25473177320228 0.17499572407475683 1.443038264675138 4.973706874698144e-08
76 125 94 11 36 9 11 1 6 190.04210059878838 121.9052919196123 0.1332064441756542 1.751240432925549 9.544649008089567e-08
72 84 81 15 66 13 23 3 3 190.01052602421794 119.6893467644079 0.01343387582274369 1.6046001129271512 7.492988664328859e-08
62 42 38 9 16 3 17 2 4 185.02432272541898 124.52673266413787 0.17526568530153752 1.7932996740514324 5.448559211224168e-08
123 137 80 4 31 7 15 1 2 195.04102132628407 117.56556730559174 0.13728485544392544 1.7553188441938203 6.305035328121268e-08
56 34 77 2 24 6 4 2 0 175.0028571195339 150.6500659343695 0.015981866683772994 1.602052122066122 8.48918410609346e-08
48 58 77 12 26 7 19 3 1 182.0109886792553 125.70985344597094 0.04792995768914432 1.6659639464390392 1.0819917222633472e-07
33 49 179 20 64 14 32 1 2 193.0 117.01869904641185 0.0876682567425322 1.5303657320073627 1.0919347381248013e-07
43 35 160 5 32 4 17 2 7 200.02249873451737 123.7368932791626 0.15764466333999172 1.4603893254099032 6.742572946715257e-08
53 61 251 10 71 18 14 4 9 201.0 123.86199586508222 0.13000707699715952 1.4880269117527354 7.158951311461032e-08
84 75 81 15 27 6 22 3 1 183.0027322200409 124.36698412520357 0.09393019441540984 1.7119641831653047 8.358967197183476e-08
60 34 285 13 64 11 8 0 7 177.01129907438113 136.84839521191242 0.2820321961033849 1.33600179264651 5.988362987193745e-08
56 68 152 12 80 25 7 9 2 182.04395073717774 130.84066582768048 0.0021585624375262125 1.6158754263123687 5.042092882873208e-08
55 30 67 4 26 12 6 3 10 201.0024875467963 126.3554633711319 0.02092175773018079 1.5971122310197141 4.751521878188618e-08
68 86 119 9 23 8 13 9 8 200.02249873451737 116.79730029339777 0.20202076175320505 1.8200547505031 8.103961499525722e-08
77 66 166 10 72 23 14 8 2 181.04419349981927 122.95159755506384 0.16284017590762834 1.4551938128422666 2.3000192026521014e-07
65 42 188 6 66 17 5 4 2 180.00277775634464 132.2099149519347 0.23819923695114253 1.3798347517987524 4.2337032961127115e-08
67 81 74 4 40 7 11 5 1 196.04081207748553 117.37046772835679 0.1971674542016888 1.420866534548206 1.1165432635130045e-07
76 82 183 23 51 7 36 5 4 192.02343606966312 115.84580740614598 0.10161533371245524 1.5164186550374397 1.3842634260846627e-07
91 121 150 15 40 9 10 13 5 194.09276132818556 119.23950744194165 0.13689056193159188 1.481143426818303 1.1387630312231329e-07
70 58 158 9 28 14 9 8 2 182.0109886792553 135.6697888450946 0.09412912266679707 1.712163111416692 1.8522576830963753e-07
36 65 106 3 17 1 8 8 8 179.0111728356641 136.08167482668125 0.21197631478518386 1.406057673964711 7.543125772126632e-08
82 39 192 19 87 17 5 3 7 191.0026177831079 123.08566502604205 0.08011434192377798 1.537919646826117 1.1044308653672776e-07
67 86 49 6 19 2 10 7 1 190.02368273454758 128.6653129319773 0.12663782860201245 1.4913961601478825 7.78713309532111e-08
104 115 177 9 27 5 11 2 0 192.02343606966312 124.2338880186619 0.06745802225132014 1.685492011001215 1.3109787579340607e-07
86 66 166 16 63 16 14 4 3 178.0028089666003 133.7502095194364 0.03764493565138016 1.655678924401275 3.902940115180778e-08
63 84 84 4 27 10 5 2 1 193.01036241611484 124.5523504504043 0.1004778035161451 1.5175561852337498 7.162165285403492e-08
69 85 100 4 28 10 10 4 3 180.01111076819674 131.67678592478455 0.09236554558755294 1.7103995343374478 1.376941551099127e-07
42 63 153 6 31 4 5 9 5 189.01058171435798 126.46659152245876 0.24071389748063643 1.3773200912692585 4.5026343873952874e-08
55 45 167 12 35 4 19 2 12 191.04188022525324 118.8297368632049 0.4260503013570536 2.0440842901069485 3.6375234427434983e-07
51 42 131 12 63 19 12 9 4 187.0106948813356 113.02961541943344 0.27201889856905304 1.890052887318948 3.7393697860991197e-07
60 16 282 7 64 23 6 14 12 196.0025510038071 126.59263073308142 0.03795054598777092 1.580083442762124 7.738156457906824e-08
62 73 226 20 75 13 28 8 13 197.00253805471644 106.80098428536441 0.43349397267143575 2.0515279614213306 6.571977767783542e-08
58 70 129 21 40 10 25 11 5 195.0230755577401 116.60439216004931 0.3047744912080439 1.9228084799579388 2.2657565360371007e-07
70 78 50 11 28 8 22 9 1 189.02380802428036 119.05540874431591 0.6413979335913047 2.2594319223411996 4.300292058903606e-08
90 69 144 14 47 11 12 1 0 189.0026454841307 117.89408670998351 0.571320311028956 2.189354299778851 1.5592999163047152e-07
62 111 79 29 50 10 39 10 1 197.00253805471644 108.22192573530269 0.07017998689572691 1.6882139756456218 1.0713903988607922e-07
89 104 112 13 56 14 17 1 3 191.01047091717248 119.44099932872378 0.2288612646003345 1.8468952533502294 1.1641798584839023e-07
80 59 136 13 14 2 18 2 1 182.00274723201295 131.76807658016423 0.018552170852206507 1.5994818178976884 6.859159149961957e-08
74 59 287 14 46 10 15 2 5 188.0239346466295 126.11840399422358 0.39815445427838325 2.016188443028278 4.584187265258638e-07
66 47 179 3 29 7 8 8 4 194.02319448973105 114.52974225887546 0.12602277225986303 1.744056761009758 1.0059454903638897e-07
79 91 284 5 52 7 12 1 2 190.04210059878838 119.63298835743068 0.5747265067576439 2.192760495507539 5.411003088500528e-08
60 63 132 4 44 16 7 2 4 195.0230755577401 116.15730952984984 0.15348780538303752 1.7715217941329324 8.803875955039833e-08
47 48 158 13 41 9 14 16 8 202.00247523235947 111.08933075209103 0.37256434586237175 1.9905983346122667 5.7671898293550513e-08
72 97 139 12 47 18 9 5 1 199.00251254695254 120.90138725669966 0.007108660284649737 1.6109253284652452 1.1936998364373237e-07
58 38 56 6 51 11 12 4 5 187.0106948813356 121.51995007108123 0.37090706901638293 1.9889410577662778 5.0582378659392475e-08
74 90 184 6 15 3 10 3 9 185.06755523321746 120.98490046017812 0.7175541284996769 2.335588117249572 6.663797804432435e-08
67 47 274 12 84 21 3 3 10 196.0025510038071 123.02948427985989 0.4026563242371459 2.020690312987041 8.727963239200486e-08
74 53 85 12 33 5 20 8 4 196.04081207748553 115.15861363062663 0.4088126749279861 2.026846663677881 1.9338482134113947e-07
57 80 121 3 25 5 6 3 8 186.02419197512995 126.14344671290226 0.07642720683934257 1.6944611955892375 9.857248762373869e-08
47 33 179 8 35 5 12 7 2 196.0025510038071 120.18390553686783 0.34802107863823784 1.9660550673881327 4.8545747109288875e-08
80 119 164 3 27 6 17 3 4 199.090431713832 115.26140184479029 0.4864696688977803 2.104503657647675 1.6485436288820088e-07
76 84 151 16 51 11 25 2 3 194.02319448973105 115.05265442614721 0.16339220178210234 1.7814261905319972 9.0013740784869e-08
108 148 82 26 56 11 34 9 3 193.00259065618783 113.99066177601696 0.017944357987933923 1.600089630761961 5.3325709389763316e-08
56 35 147 8 54 8 6 3 1 196.0025510038071 123.15315561642413 0.13831103829320646 1.7563450270431014 1.3159244054016605e-07
50 66 160 15 21 3 16 11 7 178.0028089666003 125.031093063731 0.13466323398548474 1.4833707547644102 6.224928650590845e-08
74 42 117 17 58 16 18 6 2 181.01104938649465 125.43786284577622 0.15709174298883943 1.7751257317387343 1.403764884446206e-07
54 59 125 6 39 15 7 2 3 187.0240626229684 129.20493588997465 0.12856323813441262 1.7465972268843075 4.817176534478084e-08
79 62 122 17 57 13 23 7 5 178.01123560045303 132.70243509675484 0.12210251834747221 1.4959314704024227 1.1369252818515535e-07
81 87 137 12 60 14 13 1 7 190.02368273454758 124.90432679002633 0.17704563693071163 1.7950796256806065 1.3724646590526784e-07
69 47 64 12 44 8 17 2 4 178.01123560045303 135.56310979705987 0.08195440777532204 1.5360795809745729 4.879962271078423e-08
71 51 190 7 56 16 7 6 0 184.0244548966251 132.72120532101894 0.2473157474992309 1.370718241250664 4.134187987290514e-08
83 59 80 5 20 4 6 4 1 188.0239346466295 133.17998595011176 0.1103011090505579 1.507732879699337 3.066492686909195e-08
60 47 104 10 12 2 13 4 4 187.0 125.97441023590551 0.050861892303884604 1.5671720964460103 5.3363734017616586e-08
89 77 251 21 63 15 20 9 1 189.01058171435798 123.91357069795589 0.08640880738278733 1.5316251813671076 2.3775785655116906e-07
67 74 111 8 23 3 15 5 5 184.04347312523745 124.40743206352495 0.035193387144014654 1.6532273758939096 1.0140656040583377e-07
43 52 150 11 37 7 18 3 8 188.01063799689632 124.87095231659701 0.13650718945985285 1.481526799290042 1.1066912685779915e-07
68 56 34 16 48 10 17 0 5 189.01058171435798 121.33656450173167 0.0040774314812022094 1.6221114202310971 9.69881355631561e-08
97 138 178 7 34 5 15 9 5 180.0444389588304 132.44470816292073 0.22140050972238634 1.3966334790275086 6.334064135214956e-08
71 93 131 7 39 6 10 4 2 184.0244548966251 132.07478869133095 0.1320512504639355 1.4859827382859594 7.519646130560391e-08
73 30 234 19 60 13 18 1 2 194.02319448973105 126.33654066542877 0.009416921900189168 1.6086170668497057 1.076327848903234e-07
83 82 159 3 41 15 9 8 3 193.06475597581243 118.77720703779232 0.08087153336644382 1.6989055221163387 1.7510115618588361e-07
42 63 106 2 31 8 8 3 5 190.01052602421794 122.35864056910245 0.11372558474447692 1.504308404005418 1.1408655601934176e-07
69 26 222 16 67 12 8 4 1 195.0 124.38385648259704 0.1502543328471695 1.4677796559027254 5.5978892324294266e-08
81 94 122 6 21 7 8 1 1 184.04347312523745 120.98490046017812 0.0644361774381137 1.6824701661880086 6.4964075761652e-08
81 74 283 14 62 21 16 9 0 192.02343606966312 124.98921102059111 0.11924640391445185 1.498787584835443 1.0573930289032169e-07
49 62 88 20 47 8 21 8 1 187.0106948813356 118.76093203363705 0.1197056115874453 1.7377396003373402 8.808500039426674e-08
91 81 137 5 49 17 10 7 8 198.022725968511 119.51220302523815 0.11322445896263611 1.731258447712531 1.0751976224040925e-07
66 80 125 5 25 5 23 6 3 189.12958520548815 120.48584453407993 0.07370397602460499 1.6917379647745 6.572665480488868e-08
58 74 60 10 33 8 15 4 3 198.022725968511 120.14735582786484 0.04332304199150383 1.574710946758391 7.050247087843524e-08
64 29 134 10 45 3 16 4 3 188.01063799689632 128.12987745143556 0.03792881106661339 1.6559627998165083 6.179340335700465e-08
54 40 232 21 71 16 7 3 2 193.00259065618783 121.4293277845811 0.049578381765500446 1.6676123705153953 5.547913322358826e-08
65 92 57 12 43 8 14 7 2 193.2097306038182 127.38199939347942 0.0005610013751629062 1.6185949901250578 6.60138166718111e-08
84 94 223 7 109 29 14 19 16 187.09623192357455 120.83197020791164 0.17671223544694548 1.7947462241968404 2.0923736551665607e-07
48 63 139 14 60 18 6 1 4 197.0 113.05916229233438 0.010489693177819781 1.6075442955720751 1.8753557291487518e-07
51 91 193 16 65 15 22 2 9 191.01047091717248 123.5067716006451 0.16779704843388932 1.4502369403160056 4.530107736439346e-08
75 146 167 12 50 8 22 7 2 184.09780009549272 124.6025339376536 0.19305052436401082 1.8110845131139057 3.1314735027355855e-07
60 81 72 11 17 1 20 8 1 180.0 126.74022698612875 0.05428348480582024 1.6723174735557151 1.6558157226404546e-07
72 50 130 12 60 19 6 6 7 195.0102561405425 124.8537897691827 0.328096717456964 1.289937271292931 3.3505146770261734e-08
63 73 157 22 17 6 34 9 5 177.0 128.15016109981175 0.1112205136680029 1.7292545024178978 6.30744750985132e-08
48 119 137 4 16 5 27 9 7 192.21082175569617 118.59225371916718 0.09742879932869997 1.7154627880785949 1.7437802337981016e-07
71 58 24 14 37 7 20 1 0 189.0 118.58054739125542 0.35857262074747354 1.9766066094973684 4.733247868773559e-07
54 87 206 13 28 5 26 5 4 189.02380802428036 124.46193799228092 0.0653038177296621 1.5527301710202328 8.420655773603427e-08
36 46 51 8 60 12 8 5 0 197.02284131541703 123.00746203149997 0.18153229949472505 1.4365016892551699 4.235229846133966e-08
42 45 134 5 24 3 6 10 2 187.0 121.84892533678433 0.06235205121819609 1.680386039968091 1.5141844429575893e-07
91 67 450 4 69 6 19 12 1 190.01052602421794 122.95397050770733 0.01462671073120636 1.6326606994811013 2.470257498373714e-08
93 127 275 11 69 13 14 13 3 192.02343606966312 118.6295493875666 0.35897785955912465 1.9770118483090195 7.975069252728926e-08
68 134 580 46 118 7 90 7 8 198.01010075246163 102.35370978810481 0.024096580026571113 1.642130568776466 3.060831847088121e-08
64 103 273 29 46 4 49 6 14 184.0244548966251 111.4508355840794 0.20837078861335723 1.8264047773632521 8.743290729968532e-08
72 75 162 16 85 17 16 5 2 182.02472359545007 123.25908628328088 0.18549970385468928 1.8035336926045842 1.560576808281543e-07
74 73 111 17 24 7 25 2 3 197.02284131541703 110.66729608930969 0.6781317050941742 2.296165693844069 8.070969388133677e-08
80 112 107 17 21 4 29 3 8 185.02432272541898 117.13680149861463 0.14891910771748584 1.7669530964673807 1.0214405428397059e-07
76 78 126 12 66 22 9 8 2 194.02319448973105 118.35881507262349 0.22682609788617958 1.8448600866360745 1.3898398402504654e-07
74 40 208 26 53 11 36 7 8 177.01129907438113 123.76105853934008 0.00125451567243684 1.616779473077458 5.7535522822390416e-08
56 77 211 13 19 4 22 5 13 178.01123560045303 122.55336602814421 0.24393319517564938 1.8619671839255443 1.9723439961336697e-07
78 54 176 10 42 9 12 8 10 190.04210059878838 124.8823462985926 0.38419789847062624 2.002231887220521 1.945942554659161e-07
42 43 110 13 12 3 13 4 5 180.00277775634464 123.21056929309466 0.03243357062952135 1.6504675593794162 1.8307005667466034e-07
55 78 83 5 17 5 7 5 4 192.02343606966312 121.31046983928726 0.13635555936968413 1.754389548119579 7.489303005763891e-08
53 62 55 14 26 5 16 5 1 162.00308639035245 151.56911068187864 0.20142693659398736 1.4166070521559075 6.583151181550312e-08
112 117 362 4 53 8 14 2 1 176.0113632695344 138.578491357387 0.10940695046969862 1.5086270382801963 6.172232650741071e-08
110 119 116 21 41 10 26 8 3 177.02542190318317 130.7335678986079 0.0007328167950697573 1.6187668055449647 1.4281332386278533e-07
67 65 195 5 39 6 3 4 2 175.0 135.9646951434748 0.09312148644895446 1.5249125023009404 1.3765885107170313e-07
62 27 45 15 79 21 16 6 1 193.01036241611484 125.04333356200387 0.18984901169702106 1.4281849770528738 6.490651063044994e-08
54 42 120 11 24 7 19 6 2 192.00260414900626 119.2750899640142 0.1261691132391618 1.491864875510733 4.196011971420663e-08
84 133 151 11 39 10 12 2 6 172.02616080119907 133.71198651455518 0.01814609545400092 1.599887893295894 3.764237964204808e-08
84 55 106 23 59 20 21 17 4 178.0028089666003 129.97067805839538 0.13191779051345787 1.486116198236437 8.936086155907935e-08
76 108 218 22 33 9 34 8 2 181.00276240985937 118.23138464511915 0.1381226933993973 1.4799112953504976 4.528189366565934e-08
67 113 124 7 53 14 10 2 5 187.04277585621958 125.68884337010343 0.43355637367608013 2.051590362425975 1.0939747010449878e-07
47 73 406 29 70 5 52 9 13 194.0 110.40272477980925 0.047702473572849735 1.6657364623227446 4.114025052790684e-08
76 60 43 7 14 2 15 3 3 192.01041638411183 116.2171712410383 0.16991881993742086 1.7879528086873158 5.235353038923064e-08
88 93 172 4 27 10 9 7 4 184.04347312523745 132.48254144977878 0.049322595738914954 1.6673565844888099 3.584082326446643e-08
54 80 129 8 58 7 19 2 6 181.02486017119307 123.36544719187592 0.0980203032666962 1.716054292016591 7.499578438537908e-08
64 43 88 9 33 12 9 8 1 184.04347312523745 129.78339291322388 0.037209405664162754 1.6552433944140577 2.747830398236865e-07
57 67 167 8 34 9 10 5 6 179.0111728356641 137.1519741974262 0.2941429164537288 1.323891072296166 2.888663573052128e-08
82 53 349 16 55 14 27 6 6 201.03979705520993 125.15067765549661 0.2349800763187775 1.3830539124311174 2.886306213586457e-08
71 84 200 9 56 16 8 5 1 188.01063799689632 121.57491163779905 0.10131909875916212 1.719353087509057 8.965587847351069e-08
66 130 71 34 35 10 51 17 1 193.02331465395574 115.1357880860753 0.11451553302048212 1.5035184557294128 1.334724707177562e-07
40 32 172 10 27 9 6 2 4 188.01063799689632 113.38322319656977 0.450277684702979 2.068311673452874 8.906881614979117e-08
65 50 136 25 64 20 30 18 1 185.00270268296083 125.47824743414945 0.1847984812118011 1.4332355075380938 9.822808839487724e-08
43 36 44 18 62 13 20 5 0 190.02368273454758 118.07429703133592 0.030289691914437533 1.5877442968354574 6.26851595888611e-08
74 86 197 26 73 15 20 1 5 186.00268815261785 118.76093203363705 0.11415417729582877 1.5038798114540661 5.8488742738480744e-08
85 113 112 23 40 6 28 3 0 194.06442229321684 114.84269597755878 0.21877412178939348 1.8368081105392884 4.874083843642888e-08
47 70 61 13 23 7 23 8 2 188.0239346466295 120.48584453407993 0.14176874230408587 1.476265246445809 8.858184455947598e-08
86 103 157 16 40 9 20 4 9 179.0446871593793 121.19894043034567 0.19002023227813347 1.4280137564717614 4.514358140392361e-08
52 35 30 18 44 21 19 16 2 177.01129907438113 124.03157985445802 0.11611563140991232 1.5019183573399826 2.9412732310276517e-08
88 93 60 13 42 13 20 7 0 179.0111728356641 131.23252648010026 0.14368425458073086 1.474349734169164 1.0507714422032081e-07
66 43 153 9 62 15 3 4 7 188.0026595556563 121.08161538148778 0.26910987600880776 1.8871438647587027 1.749103335105384e-07
56 45 167 6 35 13 14 2 7 188.01063799689632 129.28947588444908 0.23802165347205828 1.3800123352778366 5.049703875539257e-08
66 46 74 11 27 4 8 5 4 181.0 130.8379087303276 0.17056509465772596 1.447468894092169 7.261753842095882e-08
84 87 131 5 45 12 7 5 5 179.02513789968157 135.3372528837124 0.0795661840560915 1.6976001728059864 1.5316031564336192e-07
40 74 171 28 70 15 28 11 14 193.00259065618783 115.0532494854164 0.07765669539095232 1.5403772933589426 6.951195573347299e-08
78 69 130 17 45 11 15 4 6 182.0 129.97677920774993 0.17799544384244048 1.4400385449074544 6.421835791723071e-08
75 71 173 11 38 6 16 4 2 175.0028571195339 133.79052581621292 0.3248461148559243 1.2931878738939706 8.597946794724737e-08
85 128 36 4 43 12 9 5 1 181.02486017119307 130.509955807701 0.11067377533401257 1.5073602134158823 2.688407702189989e-08
53 64 182 3 30 7 8 5 3 187.0106948813356 119.25814988344317 0.09926736123184998 1.7173013499817449 6.586392535294404e-08
40 77 126 5 31 8 10 3 3 191.06543381784158 123.65734350991772 0.07050729434509884 1.547526694404796 1.6331069791046916e-07
55 68 87 4 12 4 4 0 3 182.0109886792553 133.21897588559983 0.18209263953854538 1.4359413492113495 1.5317452937026373e-07
97 160 273 12 39 11 16 2 15 176.02556632489498 130.26371473305264 0.050099560577422375 1.5679344281724725 9.928271776895245e-08
105 69 208 6 67 13 7 4 4 184.04347312523745 127.52904475234585 0.058949903912810964 1.559084084837084 7.307954302787044e-08
89 74 259 12 43 6 9 1 2 186.02419197512995 124.88000245958241 0.02227550764874553 1.5957584811011494 6.290031671412764e-08
82 95 279 21 33 10 40 7 6 179.00279327429502 123.94628986116746 0.15269120411281034 1.4653427846370846 7.120064378458694e-08
99 102 89 21 57 14 22 13 8 174.0028735394907 133.80904688114032 0.20730676816667248 1.4107272205832224 6.27050802399337e-08
87 100 113 13 28 4 18 3 5 183.02458851203573 124.40743206352495 0.18745948887435593 1.430574499875539 8.161447605896556e-08
81 55 336 13 45 15 21 3 5 174.0258601472781 147.8011735376871 0.21955779614936288 1.398476192600532 4.9248004057276176e-08
115 115 517 7 70 12 8 0 15 183.0109286354233 130.5211505713359 0.15569498749648658 1.4623390012534083 1.4205562896563605e-07
75 45 256 4 29 2 15 0 5 176.0113632695344 143.1020549972252 0.12381982489995624 1.4942141638499387 6.364318959345415e-08
68 72 100 2 14 5 10 2 2 173.04623659588788 144.823158285143 0.16596202812432193 1.7839960168742168 1.284248861372099e-07
75 33 58 2 15 2 1 2 4 191.0026177831079 125.52267427263466 0.07545851389833547 1.5425754748515594 2.757953660549314e-08
75 77 77 5 18 2 17 0 3 181.02486017119307 130.51090088747247 0.008238244229502145 1.6097957445203928 1.0888201213218649e-07
106 166 195 8 40 13 10 4 2 184.0244548966251 132.57499971403854 0.24012515883377028 1.3779088299161246 4.6319095722805083e-08
74 94 264 19 50 10 40 6 12 183.02458851203573 122.8650226321448 0.0777834763349472 1.695817465084842 1.2184044415263249e-07
69 54 62 9 25 4 16 5 4 192.01041638411183 105.49234372185195 0.5503087183082669 2.168342707058162 1.620450728713982e-07
89 86 303 13 54 8 11 4 6 179.0111728356641 134.6083206668136 0.11115483640251611 1.729188825152411 5.930943335669017e-08
94 118 358 17 49 6 30 3 15 199.0628041598932 112.65614872168014 0.3722528885701317 1.9902868773200266 1.7913939127746448e-07
67 86 205 6 26 5 10 4 1 190.02368273454758 125.4852428125705 0.21777797479292516 1.4002560139569697 6.161816064019609e-08
65 90 121 5 34 10 10 3 10 175.04570831642803 133.01570274972198 0.09957016972866017 1.5184638190212347 6.870454885565226e-08
69 54 59 5 11 3 5 0 3 189.01058171435798 119.30139353870217 0.24678244118931691 1.8648164299392118 1.0841454208594374e-07
52 99 99 11 53 21 11 6 0 179.06981878585793 132.2760149152215 0.07936114228163937 1.6973951310315343 1.0874348389215895e-07
82 65 93 12 34 8 19 3 5 184.0244548966251 129.45223500233323 0.2107659600162226 1.4072680287336723 5.888813017571861e-08
73 77 72 4 35 12 8 5 4 180.0444389588304 128.56206320930391 0.003690878747688364 1.6143431100022065 1.2505019474547053e-07
86 226 214 26 58 11 42 8 4 181.0994202089007 123.76695695732832 0.09059604655538278 1.7086300353052777 2.5665491248379494e-08
77 59 149 4 12 4 16 6 9 191.06543381784158 123.88714266800602 0.31834341857184256 1.9363774073217375 9.968653895648263e-08
56 47 52 10 23 6 11 4 3 184.00271737123884 120.0921815959504 0.24270373374326892 1.375330255006626 7.039181062911253e-08
75 122 136 9 36 6 14 10 3 195.0640920313116 120.83412465876326 0.047718965071568364 1.6657529538214633 2.8527549746975153e-08
90 58 180 6 15 8 14 2 0 192.06509313251067 119.20794155996172 0.23160006813555323 1.3864339206143417 1.0740916359721208e-07
58 120 142 4 25 4 13 5 6 191.09421759959145 125.71978218038473 0.015769529471374 1.602264459278521 3.4143463886466555e-08
64 61 78 27 57 10 29 6 1 179.0 125.77259032402938 0.3343498534861269 1.283684135263768 7.906455285565005e-08
95 144 172 17 44 13 17 2 0 193.04144632694815 119.04768432302687 0.12950057294174866 1.4885334158081462 1.1188419680093369e-07
90 102 153 21 55 8 24 3 6 172.01162751395617 143.15288797065224 0.3334859435607189 1.284548045189176 3.674510222530616e-08
51 66 112 8 26 6 8 3 0 177.01129907438113 131.57834025174105 0.17107885481640217 1.4469551339334927 9.832167843965389e-08
63 48 138 10 49 14 6 4 1 195.0 117.98853452465667 0.5224541551468156 2.1404881438967105 1.3510902991043301e-07
56 52 114 13 9 5 22 7 3 170.02646852769718 149.814662054713 0.12730552105111648 1.4907284676987784 5.841558496503156e-08
58 49 62 1 22 6 4 2 3 191.01047091717248 119.87412428134739 0.5912542859084193 2.2092882746583142 1.0543647020147206e-07
61 69 148 18 22 2 30 3 11 183.0027322200409 114.9445195523574 0.3443852518931383 1.9624192406430332 1.9856935542414738e-07
86 183 258 9 60 18 18 3 14 184.06792224611002 129.14167816563125 0.27146097387724777 1.3465730148726471 6.205777868143151e-08
62 63 100 9 38 9 6 7 1 186.00268815261785 126.44869267053753 0.2898927302647456 1.3281412584851493 3.304495573120283e-08
36 33 44 3 26 3 10 6 1 175.0028571195339 134.58511755593932 0.2904584626993787 1.3275755260505162 9.319689647829686e-08
58 41 52 11 25 3 12 3 3 192.0 114.04091012592245 0.463796745485733 2.081830734235628 2.188753627277158e-07
62 58 113 10 17 4 10 8 2 189.01058171435798 114.47138283570645 0.10187652418371562 1.5161574645661793 9.087760486179274e-08
60 30 110 21 49 10 24 3 1 186.0 121.98717994777178 0.2596457834830297 1.3583882052668652 3.841456600176903e-08
66 60 100 7 8 5 22 2 4 204.0392119177096 108.31444625780051 0.34258617856446727 1.9606201673143622 8.596453160857015e-08
78 86 163 9 86 18 5 11 7 169.0266251216062 144.9421608750092 0.12282930610984888 1.495204682640046 7.178729045313356e-08
82 37 50 5 9 2 11 2 0 188.06647760831805 126.96197743042053 0.009686132244497436 1.6083478565053975 2.209069044737919e-08
82 65 170 16 113 27 13 24 10 185.0 132.7384005324422 0.09642806520135783 1.521605923548537 7.272159168260271e-08
56 26 146 12 55 10 8 12 7 176.00284088616297 135.0731322166137 0.2258627579494077 1.3921712308004872 4.13415539570087e-08
39 69 206 20 39 11 29 4 14 188.0026595556563 116.55556083618272 0.265909262584032 1.3521247261658629 3.0724410734145686e-08
71 28 170 11 57 10 8 3 4 180.01111076819674 129.22569177493887 0.0035583421389362435 1.6144756466109587 4.3086722387027305e-08
50 64 81 21 32 2 33 6 4 193.0 117.36996064154474 0.016567205440931154 1.6014667833089637 3.967183923203192e-08
65 103 651 19 118 20 46 4 13 187.0106948813356 132.64897308735925 0.051811517789633 1.566222470960262 9.28210050622252e-08
72 68 162 12 27 9 13 3 7 175.025712396779 147.99632866724457 0.04715418523620141 1.5708798035136935 1.5147150238383125e-07
54 67 195 5 35 11 4 4 2 180.00277775634464 134.1365855949648 0.14783336981339734 1.7658673585632922 9.808181827244385e-08
55 40 298 8 57 18 17 10 2 178.0 144.75670911623595 0.3419494734629738 1.2760845152869211 3.1728331890236195e-08
79 124 323 29 71 7 52 2 4 179.06981878585793 118.02200397589863 0.026545108099895742 1.5914888806499992 4.686303122906054e-08
66 32 175 24 29 12 20 4 2 188.04254837669055 120.27425018086764 0.226078827213128 1.391955161536767 5.758946115923603e-08
79 61 162 8 28 9 12 2 4 178.0028089666003 132.79215405844755 0.12592711182808913 1.4921068769218058 7.275807751549808e-08
116 132 263 16 75 20 11 2 0 174.04597093871493 135.73951972529133 0.1034380022073702 1.5145959865425247 9.105883105008007e-08
72 38 100 12 31 7 18 6 1 185.0108104949546 128.47927263394823 0.11792085461917079 1.5001131341307241 1.280950587418674e-07
49 43 189 11 52 14 9 2 5 188.0026595556563 125.28683710330743 0.05243553878548046 1.5655984499644144 3.492485992965081e-08
77 100 317 20 59 7 32 5 15 175.025712396779 131.3945759639317 0.13240625278722007 1.4856277359626748 6.676397627397017e-08
68 40 71 2 39 12 15 7 4 198.0631212517868 114.8162601764558 0.11119527094175918 1.729229259691654 1.489724199793497e-07
84 67 638 24 118 11 57 9 14 190.0026315607234 134.463476140273 0.17811696927377652 1.7961509580236714 3.4065896051306435e-08
57 21 144 19 61 9 15 7 6 186.00268815261785 125.08947622687046 0.26459899467658365 1.8826329834264786 1.6579025939478513e-07
42 35 90 5 33 11 6 3 5 179.00279327429502 136.10278062060726 0.2599566791389565 1.3580773096109384 7.609466535374165e-08
80 64 284 13 117 22 6 1 5 193.01036241611484 120.06805329426781 0.15350234825383047 1.4645316404960644 1.0561540060279113e-07
90 99 348 11 93 24 12 5 6 186.01075237738274 130.7044223893071 0.3076434505894927 1.3103905381604022 3.895545380341212e-08
24 52 160 9 45 18 7 7 10 184.0244548966251 126.59134010789758 0.052504932135995386 1.5655290566138995 1.2146493297371715e-07
67 40 64 5 38 12 3 2 3 186.0 129.15852320354776 0.23026831737796116 1.3877656713719337 8.3121997384876e-08
43 61 359 22 37 2 49 1 6 186.01075237738274 120.47848008655754 0.19834415199946687 1.419689836750428 2.448698886739752e-08
57 52 143 7 60 6 5 7 10 181.0 130.6643778616443 0.30314291614349687 1.314891072606398 7.260305382354738e-08
33 52 258 2 35 4 18 5 7 187.04277585621958 123.0824581175973 0.2748104705890504 1.3432235181608445 9.101586222723217e-08
51 45 86 22 36 10 21 3 4 196.0025510038071 119.30083477488655 0.11589747046531729 1.5021365182845776 2.3656490915085285e-07
51 32 112 8 23 4 7 4 4 184.0 126.50557547449141 0.09699713884150252 1.5210368499083924 3.491849814712587e-08
53 46 59 10 48 10 9 3 4 183.0 126.80234108549443 0.10637303723714653 1.5116609515127484 1.0146200490780595e-07
78 47 391 13 86 30 20 15 9 180.01111076819674 136.72170058153864 0.08478230137585263 1.5332516873740423 1.8185895506415256e-07
75 49 66 7 9 2 6 4 4 191.02355875650522 123.89578558171354 0.09144473492906346 1.5265892538208314 4.131826929118876e-08
80 84 258 20 22 6 27 10 4 191.12822920751398 127.04275224613968 0.03970414725736493 1.57832984149253 5.3539490818628655e-08
73 72 88 1 17 2 5 0 0 187.0106948813356 126.27036721437838 0.08761406945060846 1.7056480582005034 8.376644353323999e-08
66 64 65 8 47 8 20 6 8 183.06829326784035 133.25387318811647 0.1065733066753316 1.7246072954252265 4.323269894282361e-08
62 152 227 8 50 16 10 3 8 191.02355875650522 119.56270755956487 0.07486032203834303 1.692894310788238 4.969094489863434e-08
42 67 153 10 47 6 15 7 9 196.0025510038071 120.18913112632013 0.2826835592202148 1.33535042952968 3.610616435785885e-08
67 93 322 13 32 6 35 4 15 189.06612599828665 114.85001450621435 0.224233284740192 1.842267273490087 1.2368547315409904e-07
83 99 178 9 55 17 12 5 4 180.0999722376436 129.5882697014363 0.19428867026295404 1.4237453184869409 1.2159552051955485e-07
39 31 145 3 26 9 6 1 2 177.0 139.7524940551285 0.1134548844150649 1.50457910433483 3.277451005015908e-08
64 61 74 11 15 4 21 5 8 183.0109286354233 126.89402399309827 0.0039746767547992334 1.6220086655046941 6.434127361697085e-08
72 54 69 9 46 12 10 10 1 179.02513789968157 145.15086546231288 0.15402345955578256 1.4640105291941123 3.2880549693580416e-08
62 38 274 8 41 19 11 7 7 186.01075237738274 131.60729007441785 0.10065253298879795 1.7186865217386929 6.963181838800238e-08
73 58 58 28 43 9 37 6 2 194.0025773024678 116.06811525169032 0.04592903538224968 1.5721049533676452 2.887488953908853e-08
55 34 247 14 29 6 10 6 16 188.0026595556563 119.2750899640142 0.04683823043650093 1.6648722191863958 4.5230250598617995e-07
99 122 135 15 43 12 20 5 6 181.04419349981927 127.72180830941348 0.16890262674265544 1.7869366154925503 9.035387386757639e-08
97 73 204 35 133 42 38 40 21 158.02847844613325 141.62038229542603 0.11340479098449996 1.504629197765395 1.2971692001349953e-07
45 26 269 12 50 5 2 7 18 178.01123560045303 132.07067746199496 0.28329598742396356 1.3347380013259313 1.748384355875036e-08
77 55 298 1 23 9 11 6 5 180.00277775634464 134.04932526660903 0.07380333847648957 1.5442306502734053 7.732814771681666e-08
82 119 207 16 34 6 22 3 3 181.02486017119307 126.93804309924606 0.19119239895653384 1.426841589793361 7.006298198884149e-07
62 38 43 12 46 9 5 6 1 179.00279327429502 131.64487125726927 0.1066911461215907 1.5113428426283042 8.730651210170234e-08
103 58 274 5 22 6 4 6 3 176.00284088616297 137.71444271977015 0.32637799510942545 1.2916559936404695 3.7910256918981715e-08
29 30 83 4 43 7 5 1 1 193.0 115.84669676172061 0.20696614855298012 1.4110678401969148 1.2018988276789195e-07
74 99 215 7 77 22 4 8 8 185.00270268296083 126.71815312597073 0.07107139210668878 1.5469625966432061 9.146792137676164e-08
85 80 124 8 74 30 10 15 2 182.0109886792553 129.1517356429032 0.2859168014341831 1.3321171873157118 7.811794019348278e-08
83 50 171 14 47 6 8 2 7 182.0 127.89958389894126 0.041306264881488364 1.6593402536313833 1.4698997721522196e-06
47 45 220 14 25 8 28 8 8 185.0108104949546 126.88092350177216 0.19873452522816693 1.419299463521728 1.321921706267624e-07
41 78 269 5 54 7 23 7 6 186.04300578092153 119.35409935370053 0.116772003728834 1.501261985021061 6.963323447544777e-08
29 26 150 5 15 3 11 2 4 173.0028901492689 147.69365446966194 0.18599052020284512 1.4320434685470498 7.928785908595257e-08
63 41 115 11 65 20 7 3 2 175.0028571195339 150.28858138106497 0.02633974491515456 1.5916942438347403 5.4999081859352986e-08
65 62 53 16 31 9 26 3 3 175.0028571195339 140.82974321571004 0.15089767475594207 1.4671363139939528 2.7471905641192843e-08
69 136 168 5 24 6 15 11 3 182.13456563760764 130.2909685046478 0.06230958442832102 1.5557244043215739 6.789246205144877e-08
67 66 249 13 40 11 18 3 1 196.02295783912658 127.14902351534474 0.20788550961892316 1.4101484791309717 4.762028326427464e-08
69 71 68 1 8 1 9 3 4 178.02527910383964 127.85484467177497 0.05691522415497441 1.5611187645949205 1.9806332711295434e-07
67 94 152 8 29 9 6 3 0 192.0 122.95046943591703 0.35126411726164664 1.2667698714882483 1.9828983659308363e-08
70 60 218 4 33 17 12 6 1 172.0 143.6501165791076 0.39464887274869365 1.2233851160012013 1.0845025248065338e-08
64 101 340 19 51 4 40 4 9 169.0266251216062 133.29379232011513 0.2173594076801164 1.4006745810697785 5.45691349710723e-08
93 64 429 13 79 15 5 11 14 180.01111076819674 129.97677920774993 0.16164430607271174 1.4563896826771832 6.591066999176187e-08
80 111 203 7 67 17 16 3 8 188.0239346466295 123.17132223071881 0.01007726440481993 1.6281112531547148 1.7310709372325188e-07
73 86 160 16 43 19 17 8 8 181.06904760339356 134.859968515671 0.032571739852173875 1.6506057286020688 1.1371469887868563e-07
82 76 97 10 17 5 19 6 6 183.0109286354233 126.61045815047513 0.23534292618037123 1.3826910625695237 7.761799450232464e-08
31 47 131 15 65 10 6 2 5 174.04597093871493 135.57051162295016 0.23769174057288445 1.3803422481770105 2.6059835262812357e-08
67 56 157 12 20 2 11 3 7 178.0028089666003 131.61477381000765 0.026874894624675294 1.5911590941252196 8.401075527796257e-08
84 69 405 14 117 21 5 12 10 176.00284088616297 137.27932527524052 0.065259702145267 1.552774286604628 1.040485452288107e-07
68 104 31 7 24 8 11 1 0 182.00274723201295 131.64487125726927 0.14854597420769755 1.7665799629575925 7.706772188084136e-08
103 139 227 13 81 17 25 9 17 184.09780009549272 124.01716377481779 0.08484140941670781 1.7028753981666027 1.2856995056649238e-07
32 67 343 13 40 6 27 5 12 187.04277585621958 120.06333341732109 0.014620437343930703 1.6034135514059642 4.588213758306531e-08
83 54 76 8 20 6 18 2 2 187.0106948813356 123.3170290600206 0.17340772241281366 1.4446262663370812 5.2290430135572797e-08
89 113 54 8 30 10 12 10 1 178.0028089666003 128.60767335268446 0.0020797568079669038 1.6201137455578618 2.821741325780107e-07
78 73 200 15 67 22 5 5 5 184.00271737123884 129.31031588479223 0.05048804852406508 1.5675459402258298 6.250536374018809e-08
57 89 88 7 11 4 13 6 4 191.0026177831079 123.30203349530697 0.1355830853681146 1.4824509033817803 7.532906080186091e-08
19 62 127 15 20 7 12 5 4 186.01075237738274 121.33410088044165 0.16306954896225423 1.4549644397876407 9.986459323457983e-08
82 70 214 10 88 16 4 8 5 182.0 135.10772307562289 0.15610645884036667 1.4619275299095282 3.2801940542302944e-08
65 48 107 16 51 14 16 15 6 167.01197561851666 141.2197973414132 0.3774349190388344 1.2405990697110605 3.342389832641889e-08
80 62 109 20 29 14 34 11 5 191.01047091717248 121.75534845676715 0.18588091185152122 1.4321530768983737 4.762490650903866e-08
64 71 77 11 53 15 12 2 2 182.02472359545007 136.4890784700432 0.23241118583464804 1.3856228029152469 3.021084555228246e-08
60 69 88 8 18 6 9 2 1 183.02458851203573 133.31339596044458 0.10580649431240374 1.5122274944374912 4.120188994493029e-08
65 47 63 6 21 1 10 0 0 181.00276240985937 130.26371473305264 0.03690679800807217 1.5811271907418227 2.680248911038878e-08
57 50 340 11 29 1 19 7 9 180.00277775634464 130.59278456837924 0.2577984555848589 1.360235533165036 2.9967090938879954e-08
76 102 69 12 26 7 32 4 5 168.1071087134628 146.09528180599082 0.15460938589212025 1.4634246028577746 1.0795669559938931e-07
72 145 203 6 18 4 9 6 11 189.04232330353963 129.93800143919077 0.16163224337489157 1.4564017453750033 8.454037062254503e-08
73 100 99 20 33 5 24 5 5 185.00270268296083 125.20848371081848 0.03263005615295356 1.6506640449028485 1.4343794792979753e-07
61 37 202 17 65 13 6 7 3 187.0240626229684 123.82437469030097 0.15582088055082188 1.462213108199073 5.937731271982747e-08
30 59 104 5 11 3 9 1 10 179.0111728356641 134.0928701411043 0.1863109198079409 1.431723068941954 1.2587056840480247e-07
65 53 119 11 21 8 5 1 3 185.00270268296083 127.50591492821302 0.05371968958338291 1.6717536783332778 9.563230311473643e-08
50 67 236 18 33 4 33 5 13 177.0 125.512428604869 0.129969326962998 1.488064661786897 1.808410059532618e-07
53 98 58 3 17 3 8 6 5 185.04323819042943 124.5523504504043 0.023759694042805757 1.5942742947070891 7.72781153862197e-08
71 110 317 3 55 7 11 12 3 192.01041638411183 125.38369825104006 0.017808888705367565 1.6358428774552625 1.4633245892535987e-07
46 47 217 5 59 14 6 3 4 180.0 131.7442489749285 0.21350509898820436 1.4045288897616905 1.825346899238439e-07
91 62 302 6 64 9 14 4 2 185.06755523321746 126.48252686625257 0.021670666348368117 1.5963633224015268 1.5150616442350715e-07
54 56 119 5 33 9 4 3 3 178.0028089666003 131.33393635510942 0.22756060933952704 1.3904733794103679 5.0448312678754284e-08
55 80 71 10 14 4 16 3 2 189.02380802428036 125.12754593796323 0.010340960083955908 1.607693028665939 8.774285479339496e-08
83 98 119 59 212 73 73 77 11 190.02368273454758 104.86386130019295 0.17585044219390356 1.4421835465559913 7.331536283407879e-08
84 87 116 14 45 12 12 5 1 183.0109286354233 123.56838545791715 0.005112195889123594 1.6231461846390185 1.513070470895259e-07
77 37 169 11 28 9 6 5 5 198.00252523642217 117.94571127792912 0.034641795496627825 1.6526757842465227 7.967720599024644e-08
80 51 315 23 49 18 44 10 11 179.0111728356641 125.65416310217933 0.3200570602282149 1.29797692852168 5.46906012388295e-08
93 87 71 18 32 8 21 4 4 179.00279327429502 126.17183291950084 0.18241817604684418 1.4356158127030507 3.6687158307851584e-08
84 98 279 17 51 2 41 4 12 179.0446871593793 130.4228294729413 0.045596996806321455 1.5724369919435734 7.448656904456202e-08
62 35 46 15 38 9 11 8 2 174.01149387324966 135.12686851761995 0.1469930003223563 1.4710409884275386 5.567352454819142e-08
55 55 111 25 19 11 33 18 2 191.0 116.22483452852116 0.024472821070858908 1.593561167679036 2.8580934125867114e-07
65 68 102 8 73 21 6 6 7 180.00277775634464 126.44026248373922 0.08528819902940143 1.7033221877792963 2.282143174750914e-07
65 64 38 10 37 13 15 2 5 187.0240626229684 122.9474445454236 0.1266584502310426 1.4913755385188523 4.046872694397938e-08
88 68 162 17 64 10 14 3 0 191.01047091717248 122.67219405839866 0.06921022076540462 1.5488237679844903 1.7405967402517122e-07
42 70 100 12 40 12 9 9 6 192.0 117.06211732425908 0.007998995021462063 1.626032983771357 7.223083745202297e-08
63 166 130 10 37 8 24 6 10 188.06647760831805 114.58961530219612 0.1287556726883745 1.7467896614382694 1.468691196329839e-07
65 95 312 16 45 2 35 2 14 191.02355875650522 118.02819150869666 0.31070280129337724 1.3073311874565177 6.347469034443883e-08
51 82 50 16 47 13 30 14 1 176.02556632489498 132.44608146897158 0.1582471993292247 1.4597867894206702 1.7268188564117092e-07
44 70 142 6 49 12 6 3 1 176.02556632489498 136.0238413629387 0.13577978617158237 1.4822542025783125 1.3553253998291606e-07
58 103 88 21 36 6 30 3 7 195.0102561405425 119.33334946693257 0.03263175036377919 1.5854022383861157 2.2505159495820126e-07
67 71 71 12 24 3 15 2 1 192.01041638411183 119.5314268244611 0.07667462847618944 1.5413593602737055 8.531756508239982e-08
72 20 175 7 26 13 9 8 6 178.0 137.7463127813089 0.18927986204764102 1.4287541267022539 4.220606295351493e-08
56 81 132 6 37 9 5 5 5 195.0230755577401 119.9947970146634 0.04427522162678588 1.573758767123109 7.789572686650996e-08
39 100 544 14 78 9 41 6 17 184.04347312523745 116.84440152461912 0.061640616350634 1.556393372399261 5.1653132791358764e-08
89 137 138 11 31 8 17 11 7 179.0446871593793 129.3942717908887 0.06810041622538177 1.5499335725245131 1.2789385573532452e-07
39 76 152 18 44 7 29 15 4 182.00274723201295 123.20687537105835 0.12439269516763729 1.4936412935822576 2.339278947280445e-07
97 99 197 13 36 5 24 1 1 175.10282693320517 136.93864010755058 0.10791203570147778 1.5101219530484171 9.54020247171927e-08
57 49 189 9 40 6 18 1 8 190.01052602421794 119.99318323182439 0.07090944066365323 1.5471245480862417 6.186446377624672e-08
76 47 110 19 52 12 22 4 7 182.0 127.20351419024652 0.2635673697160388 1.3544666190338561 3.4184522522023445e-08
100 134 156 7 46 13 11 0 2 190.06577808748213 126.51694257914745 0.1695220982613721 1.4485118904885228 1.19623181853325e-07
48 95 190 2 38 9 14 4 14 183.06829326784035 125.49757982711685 0.22472218442749936 1.3933118043223955 1.0672641988813767e-07
61 68 459 9 42 11 37 5 17 195.0640920313116 120.62031511568007 0.18461844051289433 1.4334155482370006 5.731256460863051e-08
69 62 281 4 55 3 24 6 14 188.04254837669055 125.21427749087248 0.4738573142006346 1.1441766745492603 1.740513101312246e-08
71 86 31 7 36 10 9 4 1 189.04232330353963 121.94221189882659 0.10008674105534432 1.5179472476945506 6.87576144420894e-08
79 86 117 8 49 16 10 2 1 188.01063799689632 120.23917319537175 0.10169298765027657 1.5163410010996183 3.215728744898306e-08
72 66 48 6 13 1 4 2 2 187.0106948813356 127.64794492173777 0.20564424232984324 1.8236782310797381 6.723567313730464e-08
55 83 126 7 19 1 10 12 6 187.00267377767625 118.15555699076967 0.31672051305932514 1.3013134756905698 4.802410323745902e-08
39 36 177 12 31 6 22 3 10 184.0108692441835 125.32156015571246 0.1448775288258899 1.7629115175757848 1.1749041605741536e-07
64 64 98 5 44 14 7 7 7 181.04419349981927 129.0168626457983 0.12923753288461048 1.4887964558652844 5.000143094552952e-08
41 38 68 27 60 14 27 4 6 182.0 123.7860985740003 0.08062743206049228 1.5374065566894026 5.660550428811735e-08
61 43 73 12 31 9 13 0 4 177.00282483621552 133.42072886597364 0.05250924475534058 1.5655247439945543 1.461464521013171e-07
51 35 172 6 51 9 11 3 5 176.0113632695344 142.12035520371822 0.07498874931545396 1.543045239434441 1.3607382845584784e-07
97 58 522 8 84 12 19 4 7 190.0026315607234 127.27272451356954 0.226460323597252 1.391573665152643 4.737739838990163e-08
83 73 275 8 64 11 9 4 7 185.0108104949546 131.62997658079658 0.023365392499679283 1.6413993812495742 1.0005724616919119e-07
70 59 248 14 76 15 12 0 6 179.02513789968157 132.77391727081073 0.03710683720566954 1.5809271515442254 1.281731096111543e-07
88 174 139 5 20 6 17 4 7 181.22361876973983 131.21714285709467 0.07848024902309736 1.5395537397267975 1.0037968927807881e-07
67 85 65 9 42 4 23 4 2 185.09727172489605 126.7943615687271 0.018285618722346797 1.6363196074722417 6.781471129452815e-08
68 39 181 10 41 4 18 4 11 174.01149387324966 144.72566756656252 0.00881902626329678 1.6268530150131917 8.27446498926214e-08
78 69 133 5 38 11 7 11 2 184.0244548966251 128.0967631142176 0.006256208757219994 1.611777779992675 6.923483397277811e-08
32 86 460 24 57 10 56 8 10 170.0470523119998 130.8862306576007 0.3305942081457416 1.2874397806041533 2.6977179158741728e-08
78 96 61 18 36 7 24 2 3 181.01104938649465 127.26903447634984 0.003095014813998098 1.621129003563893 1.302105304093713e-07
54 30 128 11 18 9 17 2 8 186.01075237738274 130.21878683827248 0.2214061677250745 1.3966278210248204 8.446285359820299e-08
58 49 144 4 33 10 10 3 9 194.0025773024678 119.73966006405479 0.15822664074037052 1.7762606294902654 8.771845892375458e-08
104 125 141 26 57 9 37 8 5 174.0028735394907 124.23044424640446 0.039894367687624 1.657928356437519 2.2488575983629029e-07
63 69 138 4 37 6 8 2 5 194.0412327316027 123.89578558171354 0.04551571503250518 1.5725182737173897 1.4614933931735098e-07
116 145 220 22 81 21 25 4 2 175.025712396779 139.42629329649756 0.12537682814321438 1.4926571606066805 7.987556439055112e-08
80 109 285 18 34 8 27 7 1 168.0 153.89726599812448 0.18606690962465766 1.4319670791252372 1.1680852724115094e-07
61 31 91 6 30 10 5 9 1 190.02368273454758 127.3907772880216 0.11601860133463293 1.502015387415262 5.093120416983018e-08
92 114 174 22 77 13 41 2 4 174.07182425654074 128.05838887360574 0.10940701923097595 1.508626969518919 2.457850125808021e-07
78 84 125 14 17 4 21 6 8 182.0109886792553 126.28297136134307 0.0014801985235819437 1.6195141872734768 1.1132683788314554e-07
77 34 137 15 71 18 11 8 8 189.01058171435798 119.00532224904292 0.06288420249610716 1.5551497862537877 1.5845340584439008e-07
46 109 126 11 23 6 18 8 8 183.06829326784035 127.12344388760746 0.04452275114461379 1.6625567398945087 9.022600779661358e-07
85 94 156 16 66 14 22 3 6 184.0244548966251 123.95058911441473 0.01745493158371536 1.6005790571661795 6.847131588292861e-08
40 43 100 28 31 7 39 6 2 191.01047091717248 114.76894760823576 0.06631514277583483 1.55171884597406 9.682342545166311e-08
51 58 147 3 59 18 6 18 1 176.02556632489498 142.81445992224383 0.10037973173221149 1.5176542570176834 5.096802353533723e-08
66 57 181 2 48 8 6 8 8 189.02380802428036 123.99017470624815 0.1873578564401397 1.4306761323097552 7.029794911631259e-08
76 67 698 23 84 17 56 8 24 177.00282483621552 148.45975807718463 0.07837041220066099 1.539663576549234 6.3122510590627e-08
68 87 214 5 42 7 15 7 12 188.04254837669055 117.89400457760948 0.13658922657301154 1.7546232153229064 1.0651476438511028e-07
46 46 50 7 25 7 13 4 2 191.02355875650522 120.50535342552898 0.123924303452702 1.494109685297193 8.892312435911102e-08
88 59 123 6 58 9 8 7 3 182.0109886792553 127.21909146006965 0.042645361840487395 1.5753886269094075 8.283970673128227e-08
59 82 109 14 33 6 21 8 7 183.02458851203573 129.5964026976132 0.0870377375666378 1.530996251183257 2.5150316103993604e-07
63 56 57 17 50 8 18 5 3 185.00270268296083 121.19485644041497 0.1065512740046568 1.511482714745238 4.460310762243728e-08
53 58 41 5 28 9 14 2 1 196.04081207748553 123.5917913176784 0.0757179188002508 1.542316069949644 1.0523345782375168e-07
68 94 225 9 45 5 13 3 4 171.04677722775136 147.77002450956385 0.20785732700054882 1.410176661749346 8.35420246824367e-08
75 86 169 25 65 23 20 8 3 188.13027401245128 131.21905965103508 0.06402278581623055 1.5540112029336643 9.901948341929751e-08
71 71 178 6 46 10 6 8 1 179.00279327429502 125.28863295494769 0.07420072517298704 1.692234713922882 1.340375600344228e-07
81 81 258 6 64 14 5 5 3 191.01047091717248 120.37996077534098 0.1201453300955102 1.738179318845405 1.0190430404120487e-07
37 35 354 5 58 20 17 9 2 192.01041638411183 122.4143618255875 0.02682431249353545 1.5912096762563595 7.174905961679549e-08
56 90 181 23 37 11 50 4 8 196.0637651377735 110.86392383131114 0.1471504450239316 1.7651844337738265 1.6901758170220725e-07
88 50 149 5 27 1 12 2 3 195.0230755577401 113.8220949474272 0.12404635759331772 1.7420803463432126 1.2941097270841351e-07
24 51 94 4 31 3 8 8 9 178.0028089666003 129.9180969420592 0.2173889753840954 1.4006450133657995 5.652094364745494e-08
60 69 111 9 41 11 22 1 6 186.02419197512995 123.99017470624815 0.0804166238602253 1.5376173648896696 1.8352938168048004e-08
48 81 109 13 20 5 15 6 7 178.0028089666003 128.10300616840217 0.31228452657961725 1.3057494621702777 4.7045445361011313e-08
82 57 208 19 49 9 29 8 1 187.0 125.10788600060796 0.1744771026307801 1.4435568861191148 8.72862781573904e-08
64 61 175 15 41 6 11 6 3 173.0028901492689 143.55507230405112 0.13187165996849637 1.4861623287813985 1.2651127877905682e-07
54 102 350 13 74 17 26 6 10 180.00277775634464 135.6528216156094 0.010789090858328576 1.6288230796082235 1.4934920144807597e-07
91 54 171 10 70 22 6 11 2 186.01075237738274 128.93233927869903 0.11393482087831885 1.7319688096282138 9.480599113385199e-08
77 71 140 14 34 7 14 3 4 177.0 132.41583137524154 0.11174593340423455 1.5062880553456603 5.1033006809332027e-08
52 103 239 18 64 23 35 13 4 212.05895406702354 105.65634143908807 0.11512729388460552 1.7331612826345004 5.943873646404832e-08
62 77 66 7 9 3 13 2 7 177.01129907438113 131.3732114703072 0.08969909520352082 1.528334893546374 7.317617932444543e-08
75 92 244 11 53 19 4 2 6 174.0 142.35754527166537 0.030388403354002946 1.6484223921038978 2.469306841899419e-07
102 131 150 5 39 14 9 4 4 181.06904760339356 133.64996770088595 0.19216539407414146 1.4258685946757534 1.4996695664288584e-07
59 53 159 18 48 8 25 3 6 189.02380802428036 125.54363441126844 0.03556187199480143 1.5824721167550935 3.891611875895469e-08
73 73 124 3 22 10 6 4 6 189.02380802428036 123.43470501168636 0.14612777367983565 1.4719062150700593 3.550334752867875e-08
51 50 151 22 109 14 12 10 1 186.00268815261785 120.88037774271899 0.07843274703243397 1.539601241717461 4.720868578054802e-08
37 53 179 7 25 12 17 12 4 177.01129907438113 138.34835060079192 0.07315045557228106 1.5448835331776138 9.489872967872023e-08
80 99 60 16 61 14 22 7 1 180.06943105369106 133.53711069490777 0.10848740044366889 1.509546588306226 8.791465039331656e-08
81 111 125 10 78 21 7 1 1 172.00290695217916 141.6757020078184 0.39538026877002963 1.2226537199798653 3.069660952988553e-08
129 110 368 18 57 18 17 3 5 197.06344156134085 128.0657539339854 0.05105133034431675 1.6690853190942117 5.9582321420834155e-08
51 34 108 3 19 4 6 8 1 192.02343606966312 130.30584794812913 0.1542616571940072 1.4637723315558877 3.7888401826017637e-08
67 68 113 22 33 12 27 9 5 183.0027322200409 129.13824020001894 0.0038743402966139318 1.6219083290465088 1.2312628746957457e-07
31 64 113 19 40 12 30 3 6 186.00268815261785 122.88502118387514 0.2093149542607562 1.4087190344891387 1.3489199876152768e-07
68 85 121 5 33 8 5 10 0 190.02368273454758 122.27035292606604 0.0104785182865621 1.628512507036457 2.742374644301486e-07
79 130 63 23 39 13 33 19 2 173.0028901492689 126.42583446201837 0.2272586791296416 1.3907753096202533 8.858935210059353e-08
73 99 152 3 48 10 12 1 9 191.09421759959145 118.79039088571966 0.1020506005012185 1.7200845892511134 7.869905196314729e-08
88 64 95 20 53 8 24 3 1 178.0028089666003 137.54398888651005 0.13965871695725895 1.478375271792636 1.1193516095976316e-07
52 64 316 9 44 12 10 3 3 186.00268815261785 127.05355881657856 0.2629269443145723 1.3551070444353226 6.738317319932453e-08
40 54 112 7 40 12 6 8 8 181.02486017119307 130.58131221634525 0.10290505095391334 1.5151289377959816 9.368818713857396e-08
39 47 232 6 44 3 19 2 7 193.04144632694815 119.33871525938697 0.18662993364220104 1.4314040551076939 3.4059832363815634e-08
65 94 48 7 13 8 14 0 2 191.09421759959145 126.34366173072333 0.11475034304512577 1.5032836457047691 8.64145247406164e-08
38 64 300 25 41 15 36 20 7 189.0026454841307 115.45645259222066 0.13370063091348405 1.4843333578364108 8.420131496678825e-08
52 100 337 16 34 14 42 10 7 178.02527910383964 123.40570642018321 0.16153388441793992 1.456500104331955 8.03715513705862e-08
76 83 218 14 57 16 15 5 2 186.02419197512995 130.9001418065472 0.041910574044437876 1.6599445627943328 3.708891573469833e-07
69 80 70 4 19 9 7 4 1 175.025712396779 139.19163768617204 0.002322005099679947 1.6203559938495748 7.392478427168982e-08
54 30 80 6 48 13 16 0 4 187.0240626229684 123.62403009879888 0.048142353996335485 1.5698916347535594 1.42306055300305e-07
77 64 128 16 63 16 19 3 7 181.0 124.44641414376008 0.12520615242122957 1.4928278363286653 9.739198172211674e-08
69 37 122 6 44 15 8 4 8 195.0102561405425 120.28290223185586 0.18636864253559127 1.4316653462143036 1.5749565924670798e-07
82 104 231 10 29 7 29 6 11 193.04144632694815 119.58844029004564 0.0336685892449653 1.6517025779948602 1.1126832837528133e-07
95 58 181 9 47 17 4 3 2 180.0 130.50047613264996 0.296723961069971 1.321310027679924 6.161649512600119e-08
54 73 195 9 31 10 15 5 3 195.0230755577401 122.26061555924784 0.14988590583938266 1.4681480829105122 1.0417390023293226e-07
103 127 261 10 42 11 10 2 1 179.10053042914194 129.7208049214776 0.14128187546903526 1.4767521132808596 1.1197837086312278e-07
59 89 416 28 56 2 66 2 4 194.06442229321684 112.42231340594024 0.14238842933423612 1.4756455594156588 2.978707886883871e-08
44 100 300 14 59 4 35 4 8 194.164878389476 121.00545465889283 0.03825859532919873 1.6562925840790936 1.8475794098787628e-07
59 78 113 18 26 12 29 15 2 179.00279327429502 121.27427637049382 0.010999872339419126 1.629033861089314 4.747064802736426e-08
109 137 174 11 56 18 9 9 3 172.04650534085255 148.01032112393526 0.12249523259322515 1.4955387561566698 2.2936170541194153e-07
69 61 72 10 44 12 17 3 1 181.02486017119307 132.24888178395662 0.230267655921077 1.848301644670972 2.2498103488647193e-07
29 47 72 1 23 5 1 5 4 179.00279327429502 137.07824594920444 0.12470171955923948 1.4933322691906554 5.049150402464714e-07
79 59 368 14 64 12 10 5 9 189.06612599828665 133.24491726684778 0.1806931382342447 1.4373408505156502 6.520097747392084e-08
84 96 94 12 41 4 15 1 2 182.02472359545007 134.49973945756327 0.05453124068433368 1.5635027480655612 5.7052222667368244e-08
110 85 174 17 54 12 24 11 2 190.09471323527123 124.21192281039416 0.06252225862305405 1.5555117301268409 3.043655053657052e-07
51 50 232 11 42 11 16 0 5 179.02513789968157 142.33402290924826 0.13128571636947806 1.4867482723804168 2.40597431558249e-07
76 86 165 11 37 10 12 3 3 182.04395073717774 125.8044725160309 0.015328376232935925 1.602705612516959 5.915038368150018e-08
71 85 240 19 55 11 16 3 9 176.0 130.43896034366458 0.2956416198163303 1.3223923689335646 1.628959393155829e-08
66 66 69 7 38 7 9 4 0 186.04300578092153 129.33381714693974 0.12227515221497032 1.4957588365349246 1.2574092553687522e-07
48 78 92 13 5 3 20 3 6 174.0028735394907 138.0125405880622 0.22885378605215245 1.3891802026977425 6.557815502343866e-08
82 102 217 11 70 15 8 1 2 189.02380802428036 130.18903233147583 0.2037682263022378 1.4142657624476571 1.4005699675639614e-07
105 60 233 11 67 14 5 4 3 172.01162751395617 150.98930102998483 0.024662421058164297 1.5933715676917306 5.9042094145732486e-08
43 58 139 12 27 2 22 4 8 182.04395073717774 127.0091546926187 0.1088542808855939 1.509179707864301 3.314857694562141e-08
24 99 247 18 51 6 41 3 6 176.07100840286 125.57697393222635 0.3091912137349273 1.3088427750149676 2.0812605096486852e-08
61 102 253 3 42 20 4 10 13 182.0109886792553 132.43745195181705 0.16194362573645882 1.456090363013436 2.3579126640035693e-07
38 42 52 11 16 4 13 2 3 182.0109886792553 124.562271688972 0.29320967399949627 1.3248243147503986 6.247891639862384e-08
84 80 188 13 79 11 9 9 1 188.0026595556563 123.86819774022669 0.02237564375794121 1.6404096325078361 4.471087324767064e-08
69 60 369 7 65 12 8 3 1 167.0029939851379 157.156992354153 0.365100784768597 1.252933203981298 5.608075355139531e-08
71 52 243 9 51 13 4 2 1 181.00276240985937 134.8415491248697 0.08579081136197453 1.5322431773879204 1.316351369222984e-07
60 63 92 17 23 6 17 4 2 191.0026177831079 117.13026675536706 0.2634224605185824 1.3546115282313125 9.498475318037419e-08
146 212 279 20 46 8 34 5 13 182.22239159883728 127.3057515551642 0.03450751941078778 1.5835264693391071 1.2165641707958067e-07
59 72 116 8 64 26 11 12 2 183.0109286354233 137.68501133149354 0.2820283665884138 1.336005622161481 2.4796141078746146e-08
57 64 303 20 26 11 32 10 9 187.0106948813356 119.65546152770449 0.23649358077879645 1.3815404079710984 3.8196909131024544e-08
72 103 190 13 27 4 22 6 12 185.00270268296083 122.32540752458661 0.19994113534472557 1.4180928534051693 8.437782841396286e-08
104 169 121 21 24 7 32 12 5 182.04395073717774 119.00532224904292 0.09775002204321659 1.5202839667066783 1.2557398394264574e-07
49 94 503 42 80 18 83 15 19 210.00238093888365 108.04343931432871 0.21005072805798863 1.4079832606919063 1.6676561925217764e-08
74 84 171 11 28 8 34 5 1 179.06981878585793 132.41858898785765 0.11777470864259931 1.5002592801072956 2.4878806323580772e-08
70 111 92 11 40 10 15 1 1 187.0240626229684 125.96616763213295 0.10708032702485504 1.72511431577475 4.569211490514719e-08
114 70 331 12 65 10 6 6 7 176.00284088616297 137.0271319381474 0.026042845551923488 1.5919911431979714 7.846005035331187e-07
84 74 173 7 32 4 4 2 1 184.0108692441835 123.17313944441331 0.06703182302188737 1.6850658117717823 8.615421732684111e-08
91 113 321 13 40 2 39 4 15 172.10461934532728 120.54607923828692 0.056765196692682096 1.674799185442577 1.7184514897401718e-07
67 80 95 18 27 9 30 4 5 196.01020381602586 117.65553112809432 0.06543859800400309 1.683472586753898 2.2966714255386492e-07
59 69 98 4 26 4 10 3 0 194.09276132818556 127.55968258698421 0.10397656945413036 1.7220105582040253 1.489572013542125e-07
69 57 61 4 10 3 7 3 0 199.0226117806718 117.94571127792912 0.14051267381771204 1.758546662567607 1.2526124279827421e-07
94 83 118 13 53 9 15 0 2 192.04166214652486 117.48572321529792 0.1596927317939103 1.4583412569559846 3.461533589200005e-08
60 78 94 21 35 9 20 10 3 183.0027322200409 122.76079580424026 0.06200813703327701 1.556025851716618 7.264706277237048e-08
49 43 160 6 64 11 16 8 9 191.06543381784158 112.66832451124415 0.47456825531592095 2.092602244065816 7.012315103452075e-08
72 46 89 12 30 6 10 0 0 190.01052602421794 117.43615455381777 0.38430815838516175 2.0023421471350566 7.486026658800454e-08
50 72 163 23 30 5 37 5 0 185.02432272541898 112.06753413402373 0.056220300700916104 1.674254289450811 6.868034158294317e-08
63 92 322 17 50 14 28 14 9 187.0106948813356 113.30200989382251 0.16671498810067908 1.784748976850574 6.51024102992974e-08
68 82 179 1 25 4 8 2 2 171.0263137648707 150.86589890362478 0.1203673457273482 1.4976666430225467 5.500319746334772e-08
66 71 193 11 34 5 10 7 2 181.01104938649465 127.7202959639114 0.23257884911098947 1.3854551396389054 4.5455585990167636e-08
83 147 200 15 55 8 20 10 5 183.02458851203573 129.7302671490861 0.08175266747935694 1.536281321270538 4.298731637000213e-08
61 75 367 11 93 27 4 13 6 178.0 137.6105937629916 0.3230696356247338 1.2949643531251611 8.12742452128887e-08
59 57 78 6 34 13 9 0 2 194.02319448973105 124.95250970642343 0.34259040063231394 1.275443588117581 3.6871838827391056e-08
72 77 123 6 38 10 7 1 4 177.02542190318317 137.72775735372247 0.0837912876077942 1.5342427011421007 3.49005359598127e-08
37 62 75 6 32 11 5 3 4 182.02472359545007 130.9057804497427 0.02721501239914792 1.6452490011490428 6.019295837926673e-08
68 69 145 13 38 10 24 3 2 183.06829326784035 130.98694137835727 0.1899978230048971 1.4280361657449978 4.509560445081007e-08
58 71 42 5 46 15 8 3 2 168.01190434013895 152.82857884653654 0.27057254586429336 1.3474614428856015 1.5513945792401478e-07
68 76 123 6 15 9 16 4 1 184.0244548966251 128.68238104485388 0.09495144611499251 1.5230825426349024 3.3458105741929855e-08
71 127 60 4 20 6 10 3 3 166.04818577750254 149.8916017748282 0.339878833046221 1.2781551557036739 4.6684943995854945e-08
76 45 88 21 39 9 19 4 1 169.0 136.9159878755563 0.11135985303713158 1.5066741357127633 7.077312773775216e-08
89 73 217 12 50 10 12 2 7 171.011695506477 142.00901170730333 0.3407701824539857 1.2772638062959092 6.049371595610592e-08
58 52 263 19 31 9 36 3 9 181.01104938649465 124.40592765917398 0.1873409282004448 1.4306930605494501 1.4792743260312825e-07
67 71 123 5 46 13 4 0 2 188.01063799689632 129.53853931417586 0.27005111368576995 1.347982875064125 1.4678180157244418e-07
70 43 240 7 47 11 12 4 0 191.0026177831079 129.1723462695557 0.02190166891194134 1.5961323198379536 7.843084317763955e-08
64 26 78 3 37 6 0 7 4 174.0 143.85703669034135 0.04330284265589768 1.6613368314057926 5.7158930837546165e-08
90 80 141 18 55 14 20 6 3 186.00268815261785 122.95382104208365 0.2497369121336288 1.368297076616266 6.310151407689912e-08
87 81 267 11 48 6 12 4 6 175.025712396779 136.97430895638252 0.20383608736985925 1.4141979013800356 3.6808243155739954e-08
70 120 83 9 37 8 18 4 1 183.02458851203573 123.99017470624815 0.22777105511284335 1.3902629336370516 6.641876891268839e-08
68 62 137 21 75 16 22 1 0 188.0 119.21571538345464 0.13077174360528687 1.487262245144608 6.251596280157726e-08
69 66 231 24 74 16 22 5 9 183.0 124.90104600661313 0.27035602813345916 1.3476779606164357 5.450477143161016e-08
61 77 136 3 40 6 6 2 5 179.02513789968157 135.8763976542679 0.17768265426141694 1.440351334488478 3.463066537192486e-08
52 29 156 5 27 10 12 2 0 187.0106948813356 125.5386248560109 0.10033431397638437 1.5176996747735105 6.024362803071779e-08
62 81 149 10 53 18 13 14 9 185.04323819042943 130.28174180240086 0.2770645582873321 1.3409694304625628 5.1808535015958986e-08
42 45 185 11 62 10 5 3 1 185.00270268296083 130.59000354531827 0.1339253567465808 1.484108632003314 9.154914972733759e-08
95 116 181 20 71 15 19 3 4 175.025712396779 129.2069326903404 0.17547567572811196 1.442558313021783 1.000165512337193e-07
54 80 42 3 25 6 4 8 3 190.0 124.96140912701165 0.03181228624768617 1.5862217025022087 1.3424516340576846e-07
55 64 170 12 58 5 29 0 5 183.0109286354233 124.53559978747306 0.053754437011630296 1.5642795517382646 1.0847895123029606e-07
37 67 103 10 40 8 13 3 3 169.00295855398508 140.08815616113233 0.3221902466011881 1.2958437421487068 3.593616373725995e-08
83 45 60 13 62 21 14 5 3 186.01075237738274 126.98200373468286 0.24462552794432835 1.3734084608055666 3.3163305354866166e-08
