393749.0
372753.0
390758.0
382720.0
379278.0
397162.0
400181.0
412326.0
393900.0
385347.0
385845.0
408314.0
391467.0
370438.0
394810.0
393483.0
429640.0
406674.0
354309.0
393781.0
408108.0
392079.0
403456.0
411277.0
386583.0
362398.0
402294.0
351957.0
383433.0
392932.0
427648.0
407140.0
391543.0
428960.0
478967.0
454822.0
558746.0
466240.0
436688.0
427289.0
529974.0
536740.0
400621.0
382829.0
480374.0
454549.0
493367.0
455767.0
511823.0
422910.0
419002.0
435209.0
541683.0
420381.0
393296.0
557832.0
460695.0
407430.0
385604.0
385601.0
379552.0
392317.0
417179.0
419005.0
402833.0
420512.0
433495.0
400738.0
412659.0
371561.0
403927.0
411833.0
395151.0
403739.0
389418.0
429834.0
405421.0
357782.0
397621.0
396348.0
421136.0
379174.0
393833.0
374637.0
403434.0
383390.0
356546.0
388238.0
402740.0
391163.0
398346.0
370666.0
388206.0
379040.0
370533.0
376329.0
378885.0
364624.0
363003.0
369215.0
399305.0
369634.0
423331.0
367589.0
392498.0
378764.0
374637.0
343386.0
396525.0
374956.0
457202.0
400446.0
378929.0
373606.0
348159.0
398984.0
387547.0
355786.0
354036.0
392945.0
370730.0
359163.0
379649.0
377672.0
426250.0
433788.0
389377.0
410965.0
454273.0
395317.0
383546.0
362433.0
400814.0
411126.0
401869.0
383046.0
426582.0
450504.0
380836.0
492868.0
410715.0
354533.0
425243.0
351702.0
421085.0
371144.0
445535.0
408158.0
428637.0
390782.0
403078.0
482994.0
439986.0
521688.0
436887.0
464578.0
446135.0
441888.0
375697.0
547631.0
446871.0
370875.0
412443.0
396840.0
380059.0
353972.0
336420.0
447613.0
349740.0
386328.0
408615.0
341122.0
395604.0
397365.0
465182.0
402429.0
344812.0
407431.0
471682.0
441046.0
452127.0
381046.0
360334.0
428841.0
431594.0
375199.0
401608.0
358138.0
363851.0
445436.0
354526.0
422226.0
366690.0
313865.0
364733.0
365821.0
397784.0
443769.0
382202.0
353723.0
354048.0
375400.0
394130.0
458975.0
451212.0
406250.0
390653.0
387415.0
385781.0
373043.0
379117.0
355195.0
366081.0
375480.0
380513.0
302214.0
423719.0
400739.0
374417.0
347074.0
389225.0
470824.0
368227.0
385466.0
386729.0
378671.0
385490.0
379885.0
377413.0
362484.0
410750.0
412946.0
345644.0
393960.0
372155.0
382698.0
376039.0
335971.0
348983.0
427523.0
437811.0
356409.0
376819.0
365837.0
376952.0
343125.0
341760.0
318745.0
357258.0
328796.0
394361.0
370439.0
373761.0
382028.0
335313.0
348399.0
371711.0
349850.0
332985.0
313310.0
403772.0
373744.0
379537.0
400273.0
388406.0
375788.0
382506.0
376975.0
361910.0
397451.0
356246.0
413438.0
380766.0
369835.0
373668.0
367616.0
364650.0
363340.0
383040.0
383802.0
377607.0
386328.0
365268.0
390042.0
395255.0
394129.0
394232.0
378491.0
363611.0
415850.0
361752.0
349071.0
359821.0
340311.0
354047.0
360196.0
331187.0
357700.0
361447.0
378830.0
366544.0
353569.0
384694.0
350713.0
366008.0
357631.0
341656.0
344653.0
396010.0
374380.0
353556.0
360734.0
402094.0
345194.0
357477.0
365716.0
394295.0
378155.0
361315.0
367355.0
389639.0
372614.0
394425.0
468282.0
386955.0
392068.0
392585.0
371774.0
381334.0
382309.0
369643.0
411492.0
382175.0
367651.0
371077.0
342910.0
371611.0
351458.0
390033.0
351872.0
370745.0
357363.0
405653.0
388910.0
368413.0
393283.0
337557.0
351868.0
382869.0
374325.0
369657.0
386172.0
354787.0
377823.0
354959.0
369621.0
382030.0
354601.0
410626.0
369602.0
369377.0
380242.0
358561.0
364043.0
396163.0
401665.0
380730.0
353756.0
369756.0
357523.0
361425.0
391400.0
347108.0
445161.0
370738.0
398112.0
424977.0
367246.0
379380.0
363850.0
320784.0
294243.0
503429.0
461406.0
384214.0
495093.0
368411.0
394921.0
373861.0
406858.0
427936.0
469249.0
353502.0
465796.0
394254.0
410862.0
451481.0
419723.0
396636.0
415953.0
378600.0
361642.0
353676.0
339565.0
390803.0
361477.0
370505.0
399506.0
369719.0
379704.0
400975.0
373491.0
360854.0
380448.0
363150.0
369154.0
386108.0
398163.0
392076.0
384059.0
359619.0
372199.0
380993.0
361754.0
363413.0
371120.0
360063.0
374794.0
359308.0
343104.0
370063.0
359740.0
356055.0
370693.0
372731.0
335500.0
348554.0
360601.0
357541.0
363143.0
360364.0
334494.0
365229.0
349826.0
370807.0
354682.0
355909.0
365340.0
349800.0
345697.0
355345.0
358138.0
346055.0
437655.0
348860.0
364032.0
386988.0
399352.0
395868.0
388474.0
406168.0
391399.0
366372.0
371189.0
342828.0
406520.0
346092.0
363537.0
464474.0
389637.0
398662.0
421932.0
447470.0
393976.0
526716.0
397803.0
479601.0
401077.0
415857.0
429796.0
408398.0
372206.0
351926.0
347746.0
441242.0
491689.0
426994.0
385516.0
434500.0
452040.0
418711.0
395479.0
368266.0
474656.0
453380.0
510756.0
454863.0
437831.0
355962.0
395786.0
